Optimal path: 2586.77
Out best path: 7309.86
-4723.09
41
40
123
152
189
190
198
146
147
140
266
267
268
269
270
134
16
262
257
254
141
179
160
159
138
136
249
250
229
228
216
193
187
165
102
101
166
192
195
197
149
150
156
155
154
128
30
35
46
56
68
70
72
73
76
81
89
112
158
177
178
176
181
184
183
182
116
86
62
118
151
258
256
280
3
275
8
11
10
7
6
5
4
279
278
209
206
200
199
185
164
188
191
194
196
201
203
204
207
210
208
253
265
264
132
131
130
129
122
117
113
111
110
108
106
173
162
180
135
133
18
24
23
25
126
125
39
53
54
45
44
59
64
65
87
175
161
186
163
99
94
98
93
92
80
79
78
77
75
74
71
60
124
127
29
31
36
51
52
63
109
104
169
168
167
171
172
170
103
105
107
61
34
33
28
26
22
27
32
37
50
49
21
20
137
214
211
223
218
217
205
263
14
13
1
2
242
243
247
248
259
261
260
251
230
252
255
212
227
234
235
236
237
245
277
276
9
274
153
120
119
157
90
91
95
96
97
100
221
225
224
143
145
144
202
220
222
219
215
213
142
148
139
271
272
273
12
15
121
115
114
66
67
69
55
47
48
38
19
17
244
241
240
239
246
231
238
232
233
226
174
88
82
83
84
85
58
57
43
42


Optimal path: 2586.77
Out best path: 6436.37
-3849.6
247
251
232
228
229
230
250
249
255
253
252
209
214
224
225
233
254
258
263
132
133
18
17
134
153
156
43
45
57
56
55
54
50
60
61
118
117
116
84
75
74
76
83
88
82
89
81
79
95
96
99
101
92
91
112
111
113
66
70
71
72
73
67
63
157
136
135
269
270
24
13
14
11
9
7
276
275
273
260
257
259
210
212
213
216
217
220
221
218
206
207
208
205
204
203
146
144
202
222
219
223
226
234
235
236
237
278
3
1
5
4
6
12
15
16
271
25
29
34
39
38
37
36
35
62
86
87
114
158
177
178
142
147
195
194
197
165
162
175
115
64
69
68
58
59
105
104
169
103
90
122
123
129
130
131
21
128
151
181
182
160
159
110
109
80
93
97
94
98
102
171
163
176
265
264
268
137
267
266
140
138
139
148
141
246
239
256
8
10
272
261
262
150
152
120
121
124
27
26
22
23
28
30
125
33
42
46
41
40
119
174
107
106
172
173
44
47
53
52
51
49
48
65
85
108
170
167
166
185
187
164
77
78
100
168
143
248
244
240
238
231
227
211
215
191
190
189
188
184
186
193
179
180
183
161
192
196
201
200
198
199
145
149
155
154
126
32
31
127
19
20
274
277
279
280
2
243
241
242
245